---------------------------------------------------------------------------------
Geopotential Height (m) | Pressure (Pa) | Temperature (K) | Relative Humidity (%)
---------------------------------------------------------------------------------
Lon :  91.5  | Lat :  38.25
---------------------------------------------------------------------------------
1377.02 100000 297.391 16.5451
3488.08 97500 296.381 16.6971
5647.47 95000 295.391 16.6694
7855.21 92500 294.362 16.8442
10127.4 90000 293.238 17.0107
12456 87500 292.045 17.0476
14841 85000 290.965 17.0962
17298.5 82500 289.981 17.2954
19828.6 80000 288.978 17.2549
22431.1 77500 287.746 16.8353
25122.3 75000 286.45 17.0601
30754.5 70000 283.711 19.1285
36733.1 65000 277.759 25.5803
43050.1 60000 271.692 28.8201
49770.1 55000 265.543 38.6363
56949.2 50000 259.196 53.8832
64692.5 45000 252.329 78.7107
73104.4 40000 245.474 67.9658
82394.7 35000 238.72 73.0334
92772.7 30000 230.166 83.4504
104545 25000 219.791 99.6018
111103 22500 215.029 101.914
118315 20000 212.496 69.9524
126453 17500 212.174 31.5158
135840 15000 212.108 15.2764
146935 12500 211.748 8.59898
160455 10000 210.049 6.80758
181888 7000 210.073 4.13807
202378 5000 214.03 1.612
234068 3000 218.545 0.541596
259755 2000 222.961 0.214578
304595 1000 226.588 0.0729635
327897 700 228.942 0.0407544
350289 500 236.081 0.0151758
385645 300 244.432 0.00401313
414370 200 249.919 0.00160519
465349 100 261.758 0.00027517
---------------------------------------------------------------------------------
Geopotential Height (m) | Pressure (Pa) | Temperature (K) | Relative Humidity (%)
---------------------------------------------------------------------------------
Lon :  92.25  | Lat :  38.25
---------------------------------------------------------------------------------
1304.51 100000 297.217 14.5627
3415.56 97500 296.302 14.5662
5574.96 95000 295.407 14.5795
7790.75 92500 294.43 14.7192
10063 90000 293.432 14.7705
12399.6 87500 292.431 15.1413
14792.7 85000 291.368 15.0142
17258.3 82500 290.297 15.6216
19796.4 80000 289.379 14.9463
22407 77500 288.493 13.6419
25106.2 75000 287.329 14.3355
30770.6 70000 283.561 19.0347
36741.2 65000 277.23 26.7834
43050.1 60000 271.914 28.9333
49770.1 55000 265.611 38.2125
56957.3 50000 259.04 55.0531
64684.4 45000 252.159 78.3864
73104.4 40000 245.706 53.1669
82394.7 35000 238.834 61.3303
92780.7 30000 230.192 76.9816
104553 25000 219.837 94.8948
111111 22500 215.157 98.1878
118331 20000 212.67 65.6204
126477 17500 212.368 30.1017
135872 15000 212.22 14.54
146967 12500 211.68 8.60484
160479 10000 209.826 7.04196
181896 7000 210.007 4.18299
202386 5000 214.026 1.61297
234068 3000 218.697 0.532807
259771 2000 222.976 0.214456
304595 1000 226.475 0.0740011
327873 700 228.777 0.04167
350265 500 236.098 0.0150842
385596 300 244.463 0.00402839
414345 200 250.162 0.00156322
465349 100 261.731 0.000275766
---------------------------------------------------------------------------------
Geopotential Height (m) | Pressure (Pa) | Temperature (K) | Relative Humidity (%)
---------------------------------------------------------------------------------
Lon :  93  | Lat :  38.25
---------------------------------------------------------------------------------
1280.34 100000 297.102 12.6291
3391.39 97500 296.218 12.7986
5558.84 95000 295.327 12.5131
7774.64 92500 294.448 12.3364
10046.8 90000 293.537 12.1553
12383.5 87500 292.62 12.0398
14784.6 85000 291.588 12.5454
17250.2 82500 290.407 13.3755
19788.3 80000 289.419 12.8525
22407 77500 288.63 11.3489
25106.2 75000 287.73 11.2534
30778.7 70000 283.401 16.7593
36741.2 65000 277.056 24.5178
43058.2 60000 271.987 28.4607
49778.1 55000 265.598 40.9645
56957.3 50000 259.006 55.3168
64692.5 45000 252.289 71.3474
73120.5 40000 245.876 46.0947
82410.8 35000 238.812 50.342
92788.8 30000 230.155 67.7668
104569 25000 219.841 88.2542
111128 22500 215.258 92.969
118347 20000 212.835 61.8548
126501 17500 212.56 28.6642
135904 15000 212.326 14.4111
146999 12500 211.62 8.94078
160496 10000 209.632 7.17086
181904 7000 209.949 4.22206
202386 5000 213.975 1.62176
234076 3000 218.825 0.525483
259795 2000 223.014 0.213785
304595 1000 226.44 0.0743063
327857 700 228.647 0.0424329
350248 500 236.023 0.0151605
385548 300 244.542 0.00402839
414329 200 250.395 0.00151745
465349 100 261.716 0.000275766
---------------------------------------------------------------------------------
Geopotential Height (m) | Pressure (Pa) | Temperature (K) | Relative Humidity (%)
---------------------------------------------------------------------------------
Lon :  93.75  | Lat :  38.25
---------------------------------------------------------------------------------
1312.57 100000 297.343 11.926
3423.62 97500 296.428 11.8318
5583.01 95000 295.513 11.7651
7798.81 92500 294.554 11.8129
10071 90000 293.628 11.7978
12407.7 87500 292.583 11.8698
14808.8 85000 291.494 11.8658
17274.4 82500 290.336 12.4888
19804.4 80000 289.285 12.5498
22423.1 77500 288.328 12.015
25114.3 75000 287.351 11.2612
30778.7 70000 283.98 14.1793
36749.2 65000 277.779 22.0822
43074.3 60000 271.802 29.3083
49786.2 55000 265.336 43.2145
56965.4 50000 259.084 55.1507
64708.6 45000 252.567 69.363
73136.7 40000 245.803 53.079
82418.8 35000 238.645 40.467
92796.8 30000 230.077 56.2082
104569 25000 219.857 79.5276
111136 22500 215.362 86.9534
118363 20000 213.034 58.7767
126517 17500 212.789 27.3126
135928 15000 212.467 14.1748
147023 12500 211.607 9.00523
160520 10000 209.482 7.34274
181912 7000 209.888 4.26503
202394 5000 213.896 1.63739
234076 3000 218.891 0.521089
259812 2000 223.073 0.212381
304595 1000 226.499 0.073818
327849 700 228.525 0.0431958
350224 500 235.849 0.0154352
385500 300 244.652 0.0040055
414305 200 250.636 0.00146595
465357 100 261.718 0.00027517
---------------------------------------------------------------------------------
Geopotential Height (m) | Pressure (Pa) | Temperature (K) | Relative Humidity (%)
---------------------------------------------------------------------------------
Lon :  94.5  | Lat :  38.25
---------------------------------------------------------------------------------
1425.37 100000 297.415 13.1506
3528.36 97500 296.39 12.9451
5687.76 95000 295.365 13.1362
7903.56 92500 294.278 13.3305
10167.7 90000 293.209 13.4424
12496.3 87500 292.047 13.9148
14889.4 85000 290.857 13.5415
17346.9 82500 289.719 13.729
19868.9 80000 288.476 13.8545
22471.4 77500 287.309 14.0657
25146.5 75000 286.132 13.8374
30770.6 70000 283.912 13.6851
36757.3 65000 278.711 20.1838
43090.4 60000 271.817 30.2888
49802.3 55000 265.232 41.777
56973.4 50000 258.982 56.4398
64724.7 45000 252.748 69.9704
73152.8 40000 245.684 64.1025
82426.9 35000 238.395 31.6506
92796.8 30000 229.963 43.5832
104561 25000 219.879 70.6956
111128 22500 215.503 80.2932
118363 20000 213.309 55.2884
126533 17500 213.082 25.8283
135953 15000 212.648 13.3877
147056 12500 211.634 8.89195
160552 10000 209.336 7.53414
181928 7000 209.819 4.30995
202402 5000 213.816 1.65594
234084 3000 218.902 0.520112
259828 2000 223.135 0.210855
304595 1000 226.634 0.0727194
327841 700 228.395 0.0440503
350200 500 235.582 0.0159692
385451 300 244.767 0.00396354
414289 200 250.907 0.00140682
465373 100 261.734 0.000273859
---------------------------------------------------------------------------------
Geopotential Height (m) | Pressure (Pa) | Temperature (K) | Relative Humidity (%)
---------------------------------------------------------------------------------
Lon :  95.25  | Lat :  38.25
---------------------------------------------------------------------------------
1594.58 100000 297.534 15.9826
3705.63 97500 296.357 15.9744
5856.97 95000 295.138 15.9037
8064.71 92500 293.945 15.9536
10328.8 90000 292.689 15.9033
12649.4 87500 291.414 16.073
15026.3 85000 290.076 16.3599
17467.7 82500 288.782 16.02
19981.7 80000 287.334 16.0947
22560.1 77500 285.905 15.8275
25219 75000 284.437 16.0386
30786.7 70000 282.168 15.4625
36741.2 65000 278.764 18.4182
43082.4 60000 272.512 27.5486
49810.3 55000 265.68 36.7613
56989.5 50000 258.854 55.3402
64724.7 45000 252.723 68.945
73160.8 40000 245.717 72.0869
82426.9 35000 238.06 31.8303
92780.7 30000 229.802 34.1769
104545 25000 219.888 63.5588
111119 22500 215.686 73.0159
118363 20000 213.684 50.9173
126549 17500 213.446 23.9572
135985 15000 212.853 12.7529
147088 12500 211.673 8.93882
160576 10000 209.153 7.64352
181944 7000 209.766 4.3451
202410 5000 213.752 1.67157
234084 3000 218.893 0.5206
259844 2000 223.164 0.210123
304595 1000 226.808 0.0712545
327841 700 228.245 0.0450269
350176 500 235.258 0.0167474
385411 300 244.864 0.00390632
414265 200 251.218 0.00134579
465389 100 261.76 0.000271952
---------------------------------------------------------------------------------
Geopotential Height (m) | Pressure (Pa) | Temperature (K) | Relative Humidity (%)
---------------------------------------------------------------------------------
Lon :  96  | Lat :  38.25
---------------------------------------------------------------------------------
1723.5 100000 297.753 18.4279
3826.49 97500 296.496 18.2849
5977.83 95000 295.193 18.3862
8177.51 92500 293.842 18.6098
10441.7 90000 292.486 18.333
12754.1 87500 291.117 18.4499
15123 85000 289.695 18.4615
17564.4 82500 288.246 18.5239
20062.2 80000 286.701 18.6572
22632.6 77500 285.12 18.0013
25283.5 75000 283.423 18.4019
30810.9 70000 280.391 18.8492
36725 65000 278.015 19.0061
43058.2 60000 273.352 25.0583
49802.3 55000 266.176 33.3063
56989.5 50000 258.947 52.4418
64716.6 45000 252.503 68.9763
73152.8 40000 245.768 77.9814
82410.8 35000 237.701 43.5803
92756.5 30000 229.637 30.7551
104512 25000 219.967 57.4182
111095 22500 215.983 65.3635
118355 20000 214.191 45.6321
126558 17500 213.869 22.0314
136009 15000 213.049 12.4424
147120 12500 211.684 8.86265
160600 10000 208.891 7.91305
181952 7000 209.738 4.36463
202410 5000 213.693 1.68719
234084 3000 218.902 0.521577
259852 2000 223.135 0.210733
304595 1000 226.987 0.0697897
327833 700 228.08 0.0461866
350152 500 234.89 0.0177545
385363 300 244.948 0.00384147
414241 200 251.557 0.00129047
465414 100 261.791 0.000269925
---------------------------------------------------------------------------------
Geopotential Height (m) | Pressure (Pa) | Temperature (K) | Relative Humidity (%)
---------------------------------------------------------------------------------
Lon :  96.75  | Lat :  38.25
---------------------------------------------------------------------------------
1747.67 100000 297.607 20.592
3850.66 97500 296.326 20.406
6002 95000 295.043 20.644
8201.68 92500 293.676 20.7836
10457.8 90000 292.309 20.4834
12770.3 87500 290.945 20.6198
15147.2 85000 289.536 20.6079
17580.6 82500 288.121 21.0571
20078.4 80000 286.491 21.0908
22648.7 77500 284.906 21.2454
25291.5 75000 283.312 21.6206
30818.9 70000 279.986 21.7711
36717 65000 277.452 20.6604
43034 60000 273.669 24.5017
49786.2 55000 266.343 33.8316
56973.4 50000 259.106 50.3011
64708.6 45000 252.337 65.947
73136.7 40000 245.662 81.29
82394.7 35000 237.452 54.1818
92724.3 30000 229.487 29.9504
104488 25000 220.154 50.6565
111079 22500 216.426 57.4495
118355 20000 214.788 39.8978
126582 17500 214.284 20.1954
136041 15000 213.181 12.3135
147160 12500 211.627 8.88023
160624 10000 208.567 8.3818
181961 7000 209.731 4.36463
202418 5000 213.616 1.70672
234076 3000 218.944 0.520112
259852 2000 223.047 0.212991
304595 1000 227.161 0.0684469
327825 700 227.899 0.0475599
350111 500 234.496 0.0189295
385322 300 245.034 0.00377662
414216 200 251.91 0.0012447
465438 100 261.817 0.000268018
---------------------------------------------------------------------------------
Geopotential Height (m) | Pressure (Pa) | Temperature (K) | Relative Humidity (%)
---------------------------------------------------------------------------------
Lon :  93  | Lat :  37.5
---------------------------------------------------------------------------------
1191.7 100000 297.885 11.2248
3302.75 97500 297.036 11.326
5462.15 95000 296.119 11.5815
7677.95 92500 295.246 11.4555
9958.21 90000 294.34 11.5146
12294.9 87500 293.423 11.2019
14704 85000 292.481 11.3052
17177.7 82500 291.582 10.6646
19731.9 80000 290.411 11.2529
22358.6 77500 289.236 11.7923
25065.9 75000 288.158 11.3491
30746.4 70000 284.071 13.8414
36733.1 65000 278.299 19.0822
43066.3 60000 272.344 26.658
49802.3 55000 266.5 35.0856
57005.6 50000 259.747 56.8285
64765 45000 253.094 68.9548
73217.2 40000 246.694 48.5068
82531.6 35000 239.207 47.9318
92917.7 30000 230.34 63.2941
104714 25000 220.366 79.637
111297 22500 216.169 77.469
118556 20000 213.869 49.4603
126735 17500 213.08 26.3322
136146 15000 212.346 13.96
147225 12500 211.036 9.82554
160673 10000 208.56 8.37008
182009 7000 209.746 4.37831
202475 5000 213.816 1.65985
234133 3000 218.737 0.534761
259852 2000 223.047 0.215249
304667 1000 226.947 0.0700338
327953 700 228.605 0.0423414
350321 500 235.732 0.0153894
385564 300 244.103 0.00421531
414329 200 250.598 0.00147739
465381 100 261.797 0.000273978
---------------------------------------------------------------------------------
Geopotential Height (m) | Pressure (Pa) | Temperature (K) | Relative Humidity (%)
---------------------------------------------------------------------------------
Lon :  93.75  | Lat :  37.5
---------------------------------------------------------------------------------
1175.59 100000 297.918 9.11541
3286.64 97500 297.12 9.06815
5446.04 95000 296.306 9.12053
7669.89 92500 295.427 9.25044
9942.09 90000 294.536 9.50097
12286.8 87500 293.639 9.58272
14696 85000 292.697 9.69974
17177.7 82500 291.871 8.75832
19731.9 80000 290.92 8.97168
22366.7 77500 289.778 9.8255
25082 75000 288.639 9.92726
30770.6 70000 284.044 12.73
36749.2 65000 277.852 17.5549
43074.3 60000 272.142 22.9998
49802.3 55000 266.363 31.7359
57005.6 50000 259.65 52.6937
64765 45000 253.288 65.8318
73217.2 40000 246.797 42.4228
82531.6 35000 239.07 43.885
92917.7 30000 230.23 53.0793
104706 25000 220.419 69.0042
111297 22500 216.356 68.8596
118565 20000 214.149 45.5345
126751 17500 213.316 25.2306
136170 15000 212.432 13.3838
147257 12500 211.005 9.67124
160689 10000 208.391 8.65133
182009 7000 209.687 4.42518
202475 5000 213.741 1.67547
234133 3000 218.757 0.533296
259860 2000 223.093 0.213785
304659 1000 227.084 0.0689352
327937 700 228.391 0.0434705
350289 500 235.574 0.0157098
385516 300 244.227 0.00418861
414305 200 250.845 0.00142208
465381 100 261.802 0.000273144
---------------------------------------------------------------------------------
Geopotential Height (m) | Pressure (Pa) | Temperature (K) | Relative Humidity (%)
---------------------------------------------------------------------------------
Lon :  94.5  | Lat :  37.5
---------------------------------------------------------------------------------
1240.05 100000 297.72 9.10759
3351.1 97500 296.869 9.15799
5510.5 95000 296.009 9.13811
7734.35 92500 295.107 9.19184
10006.6 90000 294.157 9.03613
12343.2 87500 293.24 8.99679
14744.3 85000 292.318 8.87553
17226 82500 291.366 8.66652
19772.2 80000 290.367 8.81543
22398.9 77500 289.234 9.47199
25106.2 75000 288.081 9.80226
30778.7 70000 284.271 11.5582
36765.3 65000 277.79 16.3186
43082.4 60000 271.954 20.1482
49810.3 55000 266.121 30.5074
57005.6 50000 259.738 47.975
64765 45000 253.455 63.5193
73225.3 40000 246.654 48.288
82531.6 35000 238.85 39.9397
92909.6 30000 230.148 41.7551
104698 25000 220.496 59.0432
111289 22500 216.59 61.2112
118565 20000 214.491 41.6126
126767 17500 213.613 23.6369
136202 15000 212.557 12.8467
147281 12500 211.003 9.59507
160713 10000 208.225 8.84274
182017 7000 209.61 4.47792
202475 5000 213.668 1.69305
234133 3000 218.752 0.533784
259868 2000 223.111 0.212869
304651 1000 227.245 0.0676535
327921 700 228.17 0.0446912
350248 500 235.333 0.0162439
385459 300 244.366 0.00413139
414281 200 251.114 0.00136295
465389 100 261.82 0.000271832
---------------------------------------------------------------------------------
Geopotential Height (m) | Pressure (Pa) | Temperature (K) | Relative Humidity (%)
---------------------------------------------------------------------------------
Lon :  95.25  | Lat :  37.5
---------------------------------------------------------------------------------
1401.2 100000 297.444 12.4142
3504.19 97500 296.467 12.576
5663.59 95000 295.458 12.3803
7871.33 92500 294.488 12.0825
10143.5 90000 293.447 12.1045
12472.1 87500 292.415 11.6608
14865.2 85000 291.355 12.0181
17322.7 82500 290.193 12.1529
19860.8 80000 289.042 12.0635
22463.4 77500 287.841 12.3919
25154.6 75000 286.621 12.353
30794.8 70000 283.621 12.9859
36765.3 65000 277.878 16.8518
43082.4 60000 271.941 19.6208
49810.3 55000 265.991 29.0445
57005.6 50000 259.873 39.9437
64773 45000 253.468 60.4216
73233.3 40000 246.491 57.4033
82531.6 35000 238.64 35.549
92901.6 30000 230.073 32.1887
104682 25000 220.589 51.6135
111281 22500 216.865 54.7932
118573 20000 214.905 37.9446
126791 17500 213.953 21.5431
136235 15000 212.701 12.7412
147322 12500 211.008 9.66148
160745 10000 208.031 9.08883
182033 7000 209.53 4.5326
202483 5000 213.607 1.70868
234133 3000 218.766 0.533784
259876 2000 223.071 0.213357
304659 1000 227.405 0.0663717
327921 700 227.963 0.0459424
350224 500 235.016 0.0170374
385411 300 244.513 0.0040551
414257 200 251.418 0.00130764
465414 100 261.846 0.000270044
---------------------------------------------------------------------------------
Geopotential Height (m) | Pressure (Pa) | Temperature (K) | Relative Humidity (%)
---------------------------------------------------------------------------------
Lon :  96  | Lat :  37.5
---------------------------------------------------------------------------------
1514 100000 297.241 14.7814
3625.05 97500 296.207 14.8357
5776.39 95000 295.145 14.6928
7984.13 92500 294.04 14.4848
10248.3 90000 292.931 14.9053
12568.8 87500 291.743 14.8151
14953.8 85000 290.566 14.6255
17403.3 82500 289.28 14.7564
19925.3 80000 288.167 14.5186
22519.8 77500 286.917 14.9759
25194.8 75000 285.616 14.7144
30794.8 70000 282.563 14.4742
36757.3 65000 278.131 17.4065
43082.4 60000 272.179 21.6833
49810.3 55000 265.88 30.1207
57005.6 50000 259.879 37.8402
64765 45000 253.365 61.6482
73225.3 40000 246.396 63.3154
82515.5 35000 238.431 36.5256
92877.4 30000 229.998 27.3957
104665 25000 220.732 46.3479
111273 22500 217.227 49.176
118573 20000 215.408 34.1439
126815 17500 214.33 19.6134
136267 15000 212.851 12.2607
147354 12500 210.99 9.54429
160769 10000 207.773 9.51852
182041 7000 209.466 4.56971
202491 5000 213.543 1.7243
234133 3000 218.812 0.532807
259884 2000 222.972 0.215494
304659 1000 227.547 0.0653341
327913 700 227.782 0.0471631
350184 500 234.621 0.0181055
385371 300 244.674 0.00395591
414241 200 251.755 0.00125996
465438 100 261.872 0.000268137
---------------------------------------------------------------------------------
Geopotential Height (m) | Pressure (Pa) | Temperature (K) | Relative Humidity (%)
---------------------------------------------------------------------------------
Lon :  93  | Lat :  36.75
---------------------------------------------------------------------------------
1344.8 100000 297.459 17.5568
3455.85 97500 296.463 17.5193
5615.24 95000 295.48 17.4975
7822.98 92500 294.465 17.5258
10095.2 90000 293.418 17.4248
12423.8 87500 292.323 17.4499
14808.8 85000 291.223 17.606
17266.3 82500 290.114 17.981
19796.4 80000 289.011 17.4482
22398.9 77500 287.876 17.2786
25082 75000 286.652 17.6499
30706.1 70000 284.196 17.8062
36708.9 65000 279.527 21.8518
43066.3 60000 273.506 29.408
49826.5 55000 267.011 41.1461
57062 50000 261.167 43.4027
64861.7 45000 254.161 69.7204
73338.1 40000 247.132 73.2705
82660.6 35000 239.427 51.8576
93062.7 30000 230.556 53.6926
104875 25000 221.164 66.6877
111490 22500 217.271 63.7229
118790 20000 214.925 41.9017
126993 17500 213.472 24.7658
136412 15000 212.205 13.4834
147475 12500 210.456 10.3509
160858 10000 207.348 10.1123
182114 7000 209.566 4.54823
202580 5000 213.675 1.68329
234205 3000 218.505 0.552827
259908 2000 223.02 0.215982
304732 1000 227.427 0.0662497
328050 700 228.671 0.0417005
350410 500 235.556 0.0154657
385613 300 243.68 0.0043946
414353 200 250.803 0.00143925
465438 100 261.934 0.000270521
---------------------------------------------------------------------------------
Geopotential Height (m) | Pressure (Pa) | Temperature (K) | Relative Humidity (%)
---------------------------------------------------------------------------------
Lon :  93.75  | Lat :  36.75
---------------------------------------------------------------------------------
1264.22 100000 297.512 11.9377
3375.27 97500 296.633 11.8221
5534.67 95000 295.742 11.5229
7750.47 92500 294.823 11.4633
10022.7 90000 293.875 11.6435
12359.3 87500 292.896 11.9108
14760.4 85000 291.908 11.9068
17226 82500 290.804 12.4243
19756.1 80000 289.858 11.79
22374.7 77500 288.872 11.0677
25074 75000 287.739 11.7066
30730.3 70000 284.58 13.5093
36733.1 65000 279.234 18.4826
43090.4 60000 273.171 25.4138
49834.5 55000 266.8 36.0113
57062 50000 260.715 45.5726
64845.5 45000 254.145 64.7614
73330 40000 247.326 63.7919
82660.6 35000 239.388 46.5959
93054.7 30000 230.496 48.634
104875 25000 221.283 58.0862
111490 22500 217.529 57.4339
118798 20000 215.225 38.2024
127017 17500 213.695 23.8869
136444 15000 212.253 12.9892
147499 12500 210.399 10.2533
160882 10000 207.167 10.3584
182114 7000 209.515 4.5912
202580 5000 213.609 1.69793
234197 3000 218.519 0.552339
259908 2000 223.045 0.214761
304724 1000 227.533 0.0653952
328034 700 228.4 0.0429822
350369 500 235.402 0.0157861
385556 300 243.834 0.00435646
414329 200 251.037 0.00138393
465438 100 261.939 0.000269687
---------------------------------------------------------------------------------
Geopotential Height (m) | Pressure (Pa) | Temperature (K) | Relative Humidity (%)
---------------------------------------------------------------------------------
Lon :  94.5  | Lat :  36.75
---------------------------------------------------------------------------------
1248.11 100000 297.532 11.9338
3359.16 97500 296.688 12.0642
5518.55 95000 295.788 12.1772
7734.35 92500 294.887 12.1333
10014.6 90000 293.983 11.7978
12351.3 87500 293.052 11.6706
14752.4 85000 292.129 11.2642
17226 82500 291.035 11.9439
19764.1 80000 290.012 11.835
22382.8 77500 289.077 10.638
25090.1 75000 288.079 10.3726
30762.5 70000 284.494 13.9273
36757.3 65000 278.742 19.3615
43098.5 60000 272.633 22.8572
49842.6 55000 266.694 30.0289
57054 50000 260.47 48.4574
64845.5 45000 254.267 54.7966
73330 40000 247.401 54.8212
82652.5 35000 239.194 45.5295
93046.6 30000 230.406 43.4855
104859 25000 221.4 51.3167
111490 22500 217.829 51.5745
118806 20000 215.582 34.5814
127033 17500 213.975 22.5236
136468 15000 212.337 12.7529
147531 12500 210.366 10.2357
160898 10000 207 10.456
182122 7000 209.427 4.65174
202572 5000 213.545 1.71551
234197 3000 218.543 0.55185
259916 2000 223.014 0.214639
304716 1000 227.635 0.0646017
328018 700 228.142 0.044325
350329 500 235.159 0.0163355
385500 300 244.026 0.00428016
414305 200 251.286 0.00133053
465446 100 261.958 0.000268375
---------------------------------------------------------------------------------
Geopotential Height (m) | Pressure (Pa) | Temperature (K) | Relative Humidity (%)
---------------------------------------------------------------------------------
Lon :  95.25  | Lat :  36.75
---------------------------------------------------------------------------------
1328.68 100000 297.616 17.9045
3439.73 97500 296.668 17.826
5599.13 95000 295.709 18.0502
7814.93 92500 294.726 18.1801
10087.1 90000 293.745 17.9951
12423.8 87500 292.719 17.9948
14824.9 85000 291.611 18.1607
17290.5 82500 290.574 18.1333
19828.6 80000 289.388 18.2061
22447.3 77500 288.282 17.429
25138.4 75000 287.177 17.1577
30794.8 70000 283.789 19.7418
36781.5 65000 278.246 24.4299
43114.6 60000 271.983 23.158
49842.6 55000 266.531 24.8316
57054 50000 260.55 37.182
64845.5 45000 254.388 42.7653
73330 40000 247.318 51.249
82652.5 35000 239.028 42.217
93038.6 30000 230.282 37.8684
104851 25000 221.524 46.1135
111482 22500 218.164 45.844
118814 20000 215.994 31.4954
127057 17500 214.299 20.8634
136500 15000 212.449 12.4326
147563 12500 210.342 10.1146
160931 10000 206.81 10.7607
182130 7000 209.312 4.72596
202572 5000 213.479 1.73211
234189 3000 218.596 0.549897
259916 2000 222.908 0.216409
304708 1000 227.736 0.0638082
328010 700 227.93 0.0455152
350289 500 234.806 0.0171747
385443 300 244.247 0.00417335
414281 200 251.561 0.00128475
465462 100 261.985 0.000266587
---------------------------------------------------------------------------------
Geopotential Height (m) | Pressure (Pa) | Temperature (K) | Relative Humidity (%)
---------------------------------------------------------------------------------
Lon :  96  | Lat :  36.75
---------------------------------------------------------------------------------
1401.2 100000 297.638 19.9865
3504.19 97500 296.622 19.7693
5663.59 95000 295.63 19.8608
7879.39 92500 294.554 20.0493
10151.6 90000 293.465 20.2295
12488.2 87500 292.376 20.571
14881.3 85000 291.218 20.8326
17338.8 82500 290.087 20.6275
19876.9 80000 288.872 20.626
22479.5 77500 287.651 20.6107
25170.7 75000 286.421 20.853
30810.9 70000 283.306 20.9781
36789.5 65000 278.023 26.2033
43114.6 60000 271.687 25.9431
49834.5 55000 266.335 21.9176
57045.9 50000 260.567 29.8793
64837.5 45000 254.383 39.3747
73322 40000 247.163 48.6415
82636.4 35000 238.887 39.0647
93014.4 30000 230.194 34.4621
104827 25000 221.689 41.2151
111466 22500 218.556 40.2307
118814 20000 216.475 28.2454
127081 17500 214.669 19.1329
136533 15000 212.595 11.5713
147596 12500 210.302 9.90953
160955 10000 206.563 11.2177
182138 7000 209.198 4.79237
202572 5000 213.4 1.74872
234181 3000 218.684 0.545014
259916 2000 222.736 0.22001
304708 1000 227.833 0.0630148
328002 700 227.774 0.0464917
350248 500 234.346 0.0183801
385387 300 244.498 0.00403984
414265 200 251.866 0.0012466
465486 100 262.016 0.00026468
---------------------------------------------------------------------------------
Geopotential Height (m) | Pressure (Pa) | Temperature (K) | Relative Humidity (%)
---------------------------------------------------------------------------------
Lon :  93  | Lat :  36
---------------------------------------------------------------------------------
1675.15 100000 297.501 37.1838
3778.14 97500 296.309 37.0349
5929.48 95000 295.083 37.0776
8137.22 92500 293.831 37.2583
10393.3 90000 292.594 37.2334
12705.8 87500 291.278 37.1589
15082.7 85000 289.904 37.1177
17516.1 82500 288.553 36.7993
20022 80000 287.073 37.2119
22600.3 77500 285.581 37.2044
25243.2 75000 284.08 37.1558
30786.7 70000 281.231 37.0172
36700.9 65000 278.065 37.1955
43042.1 60000 274.179 39.2849
49818.4 55000 267.455 61.7066
57078.2 50000 262.386 45.9574
64910 45000 255.135 68.0681
73418.7 40000 247.924 59.6415
82765.3 35000 239.884 47.3029
93183.6 30000 231.047 49.3723
105028 25000 221.788 63.9807
111675 22500 218.422 48.9065
119016 20000 215.944 35.3431
127250 17500 213.834 22.172
136670 15000 211.909 13.3017
147700 12500 209.828 10.8548
161027 10000 206.1 11.9873
182194 7000 209.29 4.79237
202652 5000 213.571 1.69012
234245 3000 218.166 0.577241
259924 2000 222.917 0.216287
304756 1000 227.738 0.0638082
328115 700 228.872 0.0403882
350474 500 235.417 0.015481
385637 300 243.327 0.00455101
414362 200 250.96 0.00141064
465478 100 262.124 0.000265634
---------------------------------------------------------------------------------
Geopotential Height (m) | Pressure (Pa) | Temperature (K) | Relative Humidity (%)
---------------------------------------------------------------------------------
Lon :  93.75  | Lat :  36
---------------------------------------------------------------------------------
1594.58 100000 297.459 31.965
3697.57 97500 296.313 31.9236
5848.91 95000 295.164 31.7807
8056.65 92500 293.992 31.7739
10312.7 90000 292.772 31.9658
12633.3 87500 291.549 32.0905
15010.2 85000 290.23 32.3072
17451.6 82500 288.958 31.9751
19957.5 80000 287.567 32.3643
22543.9 77500 286.15 33.0872
25194.8 75000 284.761 32.8101
30762.5 70000 281.948 31.6734
36700.9 65000 278.859 32.1799
43058.2 60000 274.403 36.4548
49834.5 55000 267.329 58.025
57078.2 50000 261.806 56.141
64901.9 45000 254.948 71.2654
73410.6 40000 247.994 58.3076
82765.3 35000 239.87 44.1584
93175.5 30000 231.056 47.3215
105028 25000 222.046 58.0002
111683 22500 218.748 44.5979
119032 20000 216.27 32.0423
127283 17500 214.037 21.4533
136702 15000 211.918 13.0478
147733 12500 209.727 10.7279
161051 10000 205.895 12.3701
182202 7000 209.257 4.83338
202652 5000 213.497 1.70965
234245 3000 218.208 0.5748
259932 2000 222.912 0.215799
304748 1000 227.787 0.063442
328107 700 228.585 0.0417005
350434 500 235.249 0.0158319
385580 300 243.537 0.00448616
414345 200 251.173 0.00135723
465486 100 262.13 0.000264799
---------------------------------------------------------------------------------
Geopotential Height (m) | Pressure (Pa) | Temperature (K) | Relative Humidity (%)
---------------------------------------------------------------------------------
Lon :  94.5  | Lat :  36
---------------------------------------------------------------------------------
1530.12 100000 297.481 27.0627
3633.11 97500 296.395 27.1814
5784.45 95000 295.268 27.3608
7992.19 92500 294.13 27.2954
10256.3 90000 292.96 27.417
12576.9 87500 291.771 27.1823
14953.8 85000 290.561 27.1822
17403.3 82500 289.34 26.813
19917.2 80000 288.026 27.1709
22503.7 77500 286.648 28.3021
25170.7 75000 285.296 27.7612
30754.5 70000 282.459 26.7418
36708.9 65000 279.604 27.1955
43074.3 60000 274.141 35.0662
49850.6 55000 267.415 44.2789
57086.2 50000 261.315 64.7757
64901.9 45000 254.873 64.4118
73402.6 40000 248.085 49.3427
82757.2 35000 239.696 44.6232
93167.5 30000 230.962 45.2746
105020 25000 222.383 47.9963
111683 22500 219.07 40.2776
119040 20000 216.605 29.1321
127307 17500 214.266 20.2892
136734 15000 211.962 12.4912
147765 12500 209.658 10.7142
161076 10000 205.725 12.663
182210 7000 209.173 4.88612
202652 5000 213.415 1.73211
234237 3000 218.276 0.569917
259932 2000 222.84 0.216775
304740 1000 227.835 0.0630148
328090 700 228.334 0.0428907
350393 500 234.974 0.016427
385532 300 243.797 0.00437934
414321 200 251.389 0.00131145
465494 100 262.15 0.000263488
---------------------------------------------------------------------------------
Geopotential Height (m) | Pressure (Pa) | Temperature (K) | Relative Humidity (%)
---------------------------------------------------------------------------------
Lon :  95.25  | Lat :  36
---------------------------------------------------------------------------------
1562.35 100000 297.488 26.6174
3665.34 97500 296.397 26.5662
5816.68 95000 295.268 26.4877
8024.42 92500 294.13 26.5883
10288.6 90000 292.962 26.6924
12609.1 87500 291.705 26.8718
14986.1 85000 290.449 26.7798
17435.5 82500 289.274 26.3364
19949.4 80000 288.015 26.4736
22535.9 77500 286.599 27.345
25202.9 75000 285.142 27.5327
30778.7 70000 282.254 26.607
36741.2 65000 279.525 26.1487
43098.5 60000 273.515 33.8513
49858.7 55000 267.298 35.2086
57094.3 50000 261.222 53.6781
64901.9 45000 254.963 48.3962
73410.6 40000 248.074 41.747
82757.2 35000 239.515 44.2912
93159.4 30000 230.748 44.6379
105012 25000 222.643 39.7854
111683 22500 219.4 36.3323
119056 20000 216.973 26.6048
127331 17500 214.539 18.7814
136766 15000 212.066 11.5889
147797 12500 209.614 10.5658
161100 10000 205.56 13.0654
182218 7000 209.03 4.96229
202652 5000 213.333 1.75262
234237 3000 218.373 0.563569
259932 2000 222.685 0.219827
304740 1000 227.91 0.0624655
328082 700 228.142 0.0438978
350353 500 234.568 0.0173731
385476 300 244.094 0.00423439
414313 200 251.619 0.00127521
465518 100 262.179 0.000261819
---------------------------------------------------------------------------------
Geopotential Height (m) | Pressure (Pa) | Temperature (K) | Relative Humidity (%)
---------------------------------------------------------------------------------
Lon :  96  | Lat :  36
---------------------------------------------------------------------------------
1594.58 100000 297.387 28.297
3697.57 97500 296.291 28.2498
5856.97 95000 295.178 27.7826
8064.71 92500 294.027 27.6958
10320.8 90000 292.814 27.8896
12641.3 87500 291.595 28.1316
15018.3 85000 290.367 28.0454
17467.7 82500 289.117 27.8228
19981.7 80000 287.865 27.7197
22568.1 77500 286.505 27.8763
25235.1 75000 285.001 28.564
30810.9 70000 281.954 27.7437
36765.3 65000 278.835 27.2717
43106.5 60000 273.301 34.6638
49858.7 55000 267.062 34.7457
57094.3 50000 261.118 40.3382
64901.9 45000 255.062 37.1032
73402.6 40000 247.935 39.0556
82749.2 35000 239.341 43.6193
93143.3 30000 230.591 45.0559
104996 25000 222.829 35.3323
111675 22500 219.78 32.5628
119064 20000 217.419 23.5228
127347 17500 214.883 17.0861
136799 15000 212.233 10.9248
147837 12500 209.563 10.4291
161124 10000 205.346 13.4013
182235 7000 208.871 5.05018
202652 5000 213.239 1.77118
234229 3000 218.492 0.55478
259932 2000 222.463 0.224954
304732 1000 228.01 0.0617941
328074 700 228.018 0.0446607
350313 500 234.041 0.0186853
385419 300 244.414 0.0040818
414297 200 251.872 0.00124851
465534 100 262.212 0.000260031
---------------------------------------------------------------------------------
Geopotential Height (m) | Pressure (Pa) | Temperature (K) | Relative Humidity (%)
---------------------------------------------------------------------------------
Lon :  93  | Lat :  35.25
---------------------------------------------------------------------------------
1892.7 100000 297.182 54.6232
3995.7 97500 295.934 54.8103
6147.03 95000 294.64 54.9311
8346.72 92500 293.35 55.0375
10602.8 90000 291.937 55.0127
12907.2 87500 290.559 55.1726
15276.1 85000 289.159 55.0103
17709.5 82500 287.763 55.0767
20199.2 80000 286.377 54.6104
22769.5 77500 284.849 54.6204
25404.3 75000 283.286 54.9019
30923.7 70000 279.84 55.4937
36789.5 65000 276.392 54.5803
43074.3 60000 272.878 53.3533
49842.6 55000 267.776 67.3434
57102.3 50000 262.64 57.2797
64950.3 45000 255.849 66.7048
73483.1 40000 248.797 41.956
82862 35000 240.519 39.6115
93304.4 30000 231.79 48.1926
105197 25000 222.388 58.7502
111877 22500 219.539 37.4182
119249 20000 216.854 28.9017
127508 17500 214.193 18.5783
136936 15000 211.587 12.7978
147942 12500 209.089 11.2435
161197 10000 204.848 14.5107
182275 7000 208.911 5.12245
202725 5000 213.466 1.70184
234286 3000 217.78 0.598725
259941 2000 222.767 0.218118
304772 1000 227.95 0.0624655
328179 700 229.211 0.0385877
350547 500 235.236 0.0156183
385669 300 243.1 0.00465019
414378 200 251.041 0.00139156
465542 100 262.36 0.000259673
---------------------------------------------------------------------------------
Geopotential Height (m) | Pressure (Pa) | Temperature (K) | Relative Humidity (%)
---------------------------------------------------------------------------------
Lon :  93.75  | Lat :  35.25
---------------------------------------------------------------------------------
1876.59 100000 297.241 60.3869
3979.58 97500 295.989 60.4861
6130.92 95000 294.699 60.5131
8330.6 92500 293.372 60.4204
10578.6 90000 292.023 60.0967
12891.1 87500 290.652 60.1823
15260 85000 289.252 60.2095
17685.3 82500 287.803 60.395
20183.1 80000 286.348 60.3564
22753.4 77500 284.851 59.8196
25388.2 75000 283.286 59.7671
30907.6 70000 279.893 60.2027
36781.5 65000 276.485 59.2678
43074.3 60000 273.167 57.4724
49850.6 55000 267.843 75.0621
57102.3 50000 262.183 62.6254
64942.2 45000 255.841 60.9431
73483.1 40000 248.83 47.8076
82862 35000 240.404 46.7014
93304.4 30000 231.865 49.1496
105197 25000 222.61 60.1018
111885 22500 219.89 33.5979
119274 20000 217.169 26.6204
127549 17500 214.359 17.754
136968 15000 211.576 12.2764
147974 12500 208.964 11.3021
161221 10000 204.625 14.9951
182283 7000 208.884 5.14588
202725 5000 213.373 1.72625
234286 3000 217.851 0.592378
259941 2000 222.71 0.219705
304756 1000 227.97 0.0623434
328163 700 228.933 0.0397474
350498 500 235.029 0.0160608
385613 300 243.362 0.00455101
414362 200 251.231 0.00134388
465542 100 262.366 0.000258958
---------------------------------------------------------------------------------
Geopotential Height (m) | Pressure (Pa) | Temperature (K) | Relative Humidity (%)
---------------------------------------------------------------------------------
Lon :  94.5  | Lat :  35.25
---------------------------------------------------------------------------------
1828.24 100000 297.325 53.426
3931.24 97500 296.075 53.3455
6074.52 95000 294.834 53.3432
8282.26 92500 293.518 53.2465
10538.3 90000 292.173 53.3096
12842.8 87500 290.834 53.1413
15219.7 85000 289.483 53.3462
17653.1 82500 288.006 53.4614
20150.9 80000 286.553 52.999
22713.1 77500 285.089 52.1771
25356 75000 283.513 52.7866
30883.4 70000 280.367 53.6343
36773.4 65000 277.047 52.3381
43082.4 60000 273.471 52.6208
49858.7 55000 267.856 68.5524
57110.4 50000 261.901 67.8832
64942.2 45000 255.66 59.2693
73483.1 40000 248.768 49.7451
82853.9 35000 240.21 52.1506
93288.3 30000 231.868 47.1691
105197 25000 223.045 52.4182
111893 22500 220.243 30.0862
119290 20000 217.474 24.3118
127573 17500 214.546 16.8361
137008 15000 211.607 11.6103
148006 12500 208.856 11.2396
161237 10000 204.438 15.3545
182299 7000 208.807 5.18104
202717 5000 213.263 1.75555
234278 3000 217.952 0.584077
259932 2000 222.591 0.222757
304748 1000 228.021 0.0620382
328155 700 228.704 0.040785
350458 500 234.705 0.016778
385564 300 243.68 0.00441368
414345 200 251.412 0.00130764
465550 100 262.386 0.000257766
---------------------------------------------------------------------------------
Geopotential Height (m) | Pressure (Pa) | Temperature (K) | Relative Humidity (%)
---------------------------------------------------------------------------------
Lon :  95.25  | Lat :  35.25
---------------------------------------------------------------------------------
1868.53 100000 297.223 47.7404
3971.52 97500 295.965 47.7869
6122.86 95000 294.677 47.9135
8330.6 92500 293.365 47.9731
10578.6 90000 292.043 47.7451
12891.1 87500 290.687 47.528
15260 85000 289.302 47.5415
17693.4 82500 287.779 48.2837
20191.2 80000 286.315 47.999
22753.4 77500 284.84 47.2903
25396.3 75000 283.356 47.3687
30915.6 70000 280.228 48.3101
36805.6 65000 276.837 47.7424
43098.5 60000 273.019 47.6755
49866.7 55000 267.545 60.6188
57118.5 50000 261.888 68.4418
64950.3 45000 255.547 55.3532
73483.1 40000 248.72 44.4638
82853.9 35000 240.058 53.0217
93280.3 30000 231.658 47.3293
105189 25000 223.497 41.8245
111901 22500 220.635 27.2503
119306 20000 217.822 22.0149
127605 17500 214.78 15.5939
137040 15000 211.702 10.999
148039 12500 208.752 11.2826
161261 10000 204.264 15.8037
182315 7000 208.664 5.2494
202717 5000 213.159 1.78094
234270 3000 218.076 0.5748
259932 2000 222.41 0.22764
304740 1000 228.113 0.0614889
328147 700 228.545 0.0416395
350418 500 234.253 0.0178308
385508 300 244.022 0.00425346
414337 200 251.592 0.00128094
465575 100 262.419 0.000256097
---------------------------------------------------------------------------------
Geopotential Height (m) | Pressure (Pa) | Temperature (K) | Relative Humidity (%)
---------------------------------------------------------------------------------
Lon :  96  | Lat :  35.25
---------------------------------------------------------------------------------
1941.05 100000 297.085 53.4592
4044.04 97500 295.806 53.5642
6195.38 95000 294.477 53.6069
8395.06 92500 293.158 53.4223
10643.1 90000 291.822 53.3486
12955.6 87500 290.431 53.4909
15316.4 85000 288.987 53.3658
17749.8 82500 287.42 53.895
20239.5 80000 285.881 53.9424
22801.8 77500 284.404 53.6634
25436.6 75000 282.971 52.7534
30955.9 70000 279.73 52.7105
36829.8 65000 276.293 53.092
43114.6 60000 272.748 52.3123
49874.8 55000 267.369 58.566
57126.5 50000 261.716 64.6566
64950.3 45000 255.618 45.9568
73483.1 40000 248.643 38.7607
82845.9 35000 239.884 52.1936
93264.2 30000 231.416 48.4035
105173 25000 223.942 31.5666
111901 22500 221.061 24.8323
119322 20000 218.208 19.6946
127629 17500 215.06 14.1642
137081 15000 211.852 10.5517
148079 12500 208.649 11.5521
161285 10000 204.081 16.2373
182323 7000 208.496 5.34315
202717 5000 213.047 1.80438
234270 3000 218.212 0.565034
259932 2000 222.178 0.23417
304732 1000 228.239 0.0608175
328139 700 228.457 0.0421888
350377 500 233.706 0.0192194
385459 300 244.359 0.00409324
414321 200 251.797 0.00126377
465599 100 262.454 0.000254309
---------------------------------------------------------------------------------
Geopotential Height (m) | Pressure (Pa) | Temperature (K) | Relative Humidity (%)
---------------------------------------------------------------------------------
Lon :  93  | Lat :  34.5
---------------------------------------------------------------------------------
1868.53 100000 297.23 59.1779
3971.52 97500 295.982 59.1053
6122.86 95000 294.73 59.0072
8322.55 92500 293.401 59.2758
10578.6 90000 292.148 59.1182
12891.1 87500 290.79 58.8484
15260 85000 289.41 58.8697
17693.4 82500 287.94 59.022
20191.2 80000 286.445 59.1943
22753.4 77500 284.968 59.4915
25396.3 75000 283.431 59.3511
30923.7 70000 280.352 58.9781
36805.6 65000 276.904 59.8967
43106.5 60000 272.993 61.4119
49874.8 55000 267.829 73.8043
57142.6 50000 262.805 66.141
64998.6 45000 256.416 62.8415
73555.6 40000 249.324 45.3642
82950.6 35000 241.065 35.9162
93433.4 30000 232.655 36.7121
105366 25000 223.587 38.8479
112086 22500 220.673 27.7464
119491 20000 217.641 22.3782
127774 17500 214.504 16.3087
137201 15000 211.338 12.0517
148176 12500 208.3 12.1849
161366 10000 203.593 17.5185
182363 7000 208.483 5.50135
202773 5000 213.283 1.75067
234318 3000 217.458 0.608979
259932 2000 222.613 0.224588
304764 1000 228.199 0.0613058
328227 700 229.689 0.0363599
350603 500 234.952 0.0160455
385693 300 243.043 0.00466163
414402 200 251.07 0.00138012
465615 100 262.642 0.000252878
---------------------------------------------------------------------------------
Geopotential Height (m) | Pressure (Pa) | Temperature (K) | Relative Humidity (%)
---------------------------------------------------------------------------------
Lon :  93.75  | Lat :  34.5
---------------------------------------------------------------------------------
1932.99 100000 297.153 75.4006
4027.93 97500 295.896 75.3318
6179.26 95000 294.569 75.349
8378.95 92500 293.253 75.2016
10635 90000 291.985 75.0303
12939.5 87500 290.577 74.9128
15308.4 85000 289.168 74.6704
17741.7 82500 287.691 74.9829
20231.5 80000 286.143 75.499
22801.8 77500 284.635 75.6341
25436.6 75000 283.105 74.9624
30955.9 70000 279.922 74.4605
36829.8 65000 276.328 76.3186
43114.6 60000 272.481 76.7615
49874.8 55000 267.721 94.1481
57134.6 50000 262.653 66.5726
64998.6 45000 256.447 55.5368
73555.6 40000 249.397 42.8232
82950.6 35000 241.043 34.0217
93433.4 30000 232.893 42.3527
105383 25000 223.523 49.262
112102 22500 220.953 25.6682
119515 20000 217.873 21.179
127806 17500 214.634 15.2736
137234 15000 211.329 11.5049
148208 12500 208.148 12.5209
161382 10000 203.386 18.1084
182371 7000 208.415 5.52479
202781 5000 213.201 1.76922
234318 3000 217.527 0.60312
259932 2000 222.485 0.228494
304756 1000 228.25 0.0611227
328219 700 229.449 0.037367
350563 500 234.685 0.0166559
385645 300 243.332 0.00454338
414386 200 251.229 0.00134006
465615 100 262.644 0.000252282
---------------------------------------------------------------------------------
Geopotential Height (m) | Pressure (Pa) | Temperature (K) | Relative Humidity (%)
---------------------------------------------------------------------------------
Lon :  94.5  | Lat :  34.5
---------------------------------------------------------------------------------
1941.05 100000 297.113 75.0509
4035.98 97500 295.861 74.8806
6187.32 95000 294.587 74.5893
8387 92500 293.301 74.684
10643.1 90000 291.939 75.2588
12955.6 87500 290.53 75.7312
15316.4 85000 289.08 75.5162
17749.8 82500 287.691 74.9556
20239.5 80000 286.218 74.8213
22809.8 77500 284.688 75.222
25444.6 75000 283.103 75.4644
30964 70000 279.811 75.1109
36837.9 65000 276.216 76.2912
43114.6 60000 272.567 76.1794
49874.8 55000 267.752 95.5074
57142.6 50000 262.529 67.9691
64998.6 45000 256.341 61.0095
73547.6 40000 249.346 45.2802
82950.6 35000 240.931 37.7873
93425.3 30000 233.018 43.9894
105383 25000 223.605 58.1292
112111 22500 221.281 23.5042
119539 20000 218.15 19.5071
127839 17500 214.819 14.3126
137274 15000 211.398 10.9932
148240 12500 208.016 12.5814
161406 10000 203.203 18.6084
182388 7000 208.324 5.5619
202781 5000 213.1 1.79461
234310 3000 217.621 0.596284
259932 2000 222.317 0.233682
304748 1000 228.329 0.0607565
328203 700 229.255 0.0382825
350522 500 234.321 0.0175104
385596 300 243.651 0.0043946
414378 200 251.376 0.00131145
465623 100 262.664 0.00025109
---------------------------------------------------------------------------------
Geopotential Height (m) | Pressure (Pa) | Temperature (K) | Relative Humidity (%)
---------------------------------------------------------------------------------
Lon :  95.25  | Lat :  34.5
---------------------------------------------------------------------------------
2053.85 100000 297.151 76.1799
4148.79 97500 295.828 76.1971
6300.13 95000 294.49 76.1459
8499.81 92500 293.096 76.52
10747.8 90000 291.659 76.417
13052.3 87500 290.233 76.3835
15421.2 85000 288.738 76.397
17846.4 82500 287.336 75.8384
20336.2 80000 285.793 76.1436
22898.5 77500 284.168 76.7122
25533.3 75000 282.479 76.7964
31036.5 70000 278.934 76.5191
36886.2 65000 275.14 77.5178
43138.8 60000 271.469 76.7029
49882.9 55000 267.503 83.0074
57142.6 50000 262.507 75.1937
64998.6 45000 256.233 69.7829
73547.6 40000 249.304 47.6689
82942.6 35000 240.825 45.3107
93417.3 30000 232.811 45.5051
105375 25000 223.997 59.6799
112119 22500 221.762 20.4495
119564 20000 218.521 17.3157
127871 17500 215.057 13.1798
137314 15000 211.499 10.6631
148280 12500 207.853 12.9388
161422 10000 202.992 19.2138
182396 7000 208.208 5.62245
202781 5000 212.985 1.82196
234302 3000 217.743 0.588471
259924 2000 222.128 0.239664
304732 1000 228.431 0.0602682
328195 700 229.125 0.0390149
350482 500 233.872 0.0186395
385548 300 243.971 0.00424583
414362 200 251.531 0.00129429
465639 100 262.695 0.00024954
---------------------------------------------------------------------------------
Geopotential Height (m) | Pressure (Pa) | Temperature (K) | Relative Humidity (%)
---------------------------------------------------------------------------------
Lon :  96  | Lat :  34.5
---------------------------------------------------------------------------------
2231.11 100000 296.906 90.9709
4326.05 97500 295.504 90.9939
6477.39 95000 294.029 91.474
8669.02 92500 292.545 91.2973
10917 90000 291.059 90.8467
13213.4 87500 289.543 90.5319
15574.2 85000 287.96 90.7212
17991.5 82500 286.43 90.6939
20481.2 80000 284.734 91.2666
23027.4 77500 282.999 91.222
25654.1 75000 281.22 90.9527
31133.2 70000 277.483 90.9488
36950.7 65000 273.447 91.9143
43171 60000 269.712 89.8904
49882.9 55000 267.693 66.4098
57150.7 50000 262.51 80.2191
64998.6 45000 256.191 68.7575
73555.6 40000 249.209 48.5341
82942.6 35000 240.62 53.049
93401.1 30000 232.469 46.1418
105366 25000 224.778 47.4182
112127 22500 222.291 17.5198
119580 20000 218.867 15.7923
127903 17500 215.273 12.1642
137355 15000 211.603 10.3369
148321 12500 207.676 13.4603
161446 10000 202.795 19.7763
182404 7000 208.093 5.69667
202781 5000 212.846 1.85516
234294 3000 217.875 0.581147
259916 2000 221.931 0.245828
304724 1000 228.541 0.0597799
328187 700 229.061 0.0395337
350442 500 233.378 0.0199823
385500 300 244.26 0.00411613
414345 200 251.718 0.00127903
465663 100 262.734 0.000247752
